1,86227.27332835112,93094.67739631153
2,86227.27332835112,90193.69993504796
3,85659.20862661964,88654.835362726
4,83989.5603492792,87584.86452094649
5,81749.63143916521,86679.45257680192
6,81410.99875198163,85904.54476891045
7,79405.58025022376,85066.91653442312
8,79405.58025022376,84340.29125755954
9,78166.10616186947,83464.70712580676
10,78166.10616186947,82648.03949149084
11,77294.93881996241,81951.10071574
12,76628.72711759014,81370.67058875809
13,76628.72711759014,80879.116383036
14,76628.72711759014,80225.98153266517
15,76594.98731931754,79421.92296250723
16,76594.98731931754,78796.46888355185
17,75981.11006707126,78216.13669356798
18,75981.11006707126,77883.18938153323
19,74708.8952631376,77518.6509273709
20,73631.4655387189,77163.32251298646
21,73631.4655387189,76806.07922112127
22,73631.4655387189,76395.400015178
23,73567.54455231306,75983.88061890526
24,73124.11134954337,75542.26078002478
25,73007.7157517071,75105.79300608364
26,72106.97160381463,74699.1505155327
27,71203.37872928155,74336.86414081635
28,71203.37872928155,74056.34877334029
29,70671.30499244506,73642.38221077457
30,70573.49306743682,73354.50145885463
31,70573.49306743682,73018.78109629314
32,70573.49306743682,72764.41564164306
33,68227.49139220937,72269.47380104945
34,68227.49139220937,71827.23824055085
35,68227.49139220937,71454.15730707804
36,67354.3385904998,71035.14354823739
37,66858.04127920583,70523.8151888428
38,66858.04127920583,69916.87037596195
39,66858.04127920583,69448.43734694095
40,66858.04127920583,68869.18671535901
41,66773.93820880986,68406.71870502108
42,66690.84548983396,67941.84075928379
43,66657.33934117027,67716.24527653675
44,65272.13173640105,67333.1552067493
45,64545.38852017842,66987.93687423281
46,63983.87031189589,66582.00463460623
47,63566.724491183515,66241.90326747834
48,63566.724491183515,65849.76421326937
49,63566.724491183515,65560.10938943348
50,63566.724491183515,65227.35153125226
51,63493.8630148063,64926.44774951445
52,62805.13615687004,64647.68515109413
53,61845.74522633798,64334.59767562481
54,61680.64220875357,64130.786261069225
55,61680.64220875357,63883.78373899317
56,61680.64220875357,63682.47746208793
57,61151.79837775585,63398.84064218261
58,60373.51834087258,63158.4990160656
59,60373.51834087258,62940.28104501192
60,60373.51834087258,62724.35067042637
61,59324.974953894474,62423.49811653453
62,59324.974953894474,62146.32940070496
63,59324.974953894474,61895.028416130175
64,59324.974953894474,61589.78737610418
65,59177.24826534848,61300.249501282626
66,59177.24826534848,61034.16100457501
67,59177.24826534848,60761.57371508459
68,59177.24826534848,60468.79677338334
69,59005.90122480769,60203.86585216929
70,57973.927173764496,60053.146552706065
71,57973.927173764496,59862.048955034865
72,57973.927173764496,59659.946017154514
73,57973.927173764496,59514.98746586156
74,57973.927173764496,59404.52494401346
75,57973.927173764496,59261.44125193083
76,57973.927173764496,59160.78119888464
77,57973.927173764496,59046.078864046576
78,57945.120020519105,58919.84443597621
79,57418.051110544075,58728.51090799651
80,57365.123002923356,58616.66176851512
81,57365.123002923356,58518.1700507244
82,57365.123002923356,58389.632543275016
83,57062.63792714739,58266.89905383736
84,57062.63792714739,58178.927166521455
85,57062.63792714739,58100.4734239743
86,56581.678026281435,58000.40031052467
87,56581.678026281435,57930.5924582327
88,56581.678026281435,57844.13126437859
89,56505.03786824476,57785.247436515194
90,55662.796071075216,57692.55354924224
91,55662.796071075216,57608.848707028425
92,55662.796071075216,57501.79897433444
93,54829.428283140755,57341.16153656143
94,54829.428283140755,57233.759951119784
95,54829.428283140755,57080.17591086226
96,54829.428283140755,56850.362799091265
97,54785.74262514684,56690.700830314236
98,54785.74262514684,56495.74860098258
99,54785.74262514684,56297.29272873619
100,54785.74262514684,56085.63371483686
101,54225.71900073455,55846.18160269951
102,54225.71900073455,55614.021670322305
103,54225.71900073455,55450.14993651047
104,52764.835872937845,55184.716592409575
105,52764.835872937845,55017.99310264023
106,52764.835872937845,54791.58778518985
107,52764.835872937845,54604.815636937215
108,52764.835872937845,54478.89583326152
109,52764.835872937845,54370.43072855938
110,52764.835872937845,54265.4694012225
111,52764.835872937845,54125.44829353943
112,52764.835872937845,54060.74849821927
113,52764.835872937845,53960.30117028564
114,52678.98580440284,53855.61117923802
115,52678.98580440284,53750.20169366275
116,52415.660402187146,53621.61700289505
117,52415.660402187146,53518.27962342547
118,52415.660402187146,53457.834751117254
119,52415.660402187146,53289.22283542015
120,52205.56768042518,53186.99850820677
121,52205.56768042518,53103.68744570117
122,52093.884396442496,53003.41756383861
123,52093.884396442496,52874.54182070014
124,52036.285626510966,52765.331448468525
125,51420.435043641206,52666.25977699423
126,51420.435043641206,52564.74813589352
127,51420.435043641206,52500.987460981116
128,51420.435043641206,52420.932220012925
129,51400.77992478697,52363.75260879859
130,51400.77992478697,52287.815309556136
131,51143.802363587034,52192.24351914352
132,51143.802363587034,52119.7364936832
133,51113.92145911874,51997.64668517699
134,50852.841493716354,51899.37420942458
135,50813.264913367,51786.78315509888
136,50757.41128377201,51709.27160496218
137,50596.150840587536,51654.38735172085
138,50596.150840587536,51542.665118961064
139,50257.963296279,51388.7308681283
140,50039.38777316335,51206.97651930347
141,48840.343632342054,51057.77398442835
142,48840.343632342054,50936.41875202775
143,48840.343632342054,50818.488098185495
144,48840.343632342054,50701.05976429154
145,48840.343632342054,50568.83251319261
146,48840.343632342054,50456.832533516965
147,48840.343632342054,50323.24628440189
148,48840.343632342054,50168.775983542524
149,48805.196338628484,50011.894688209606
150,48805.196338628484,49831.20369585722
151,48805.196338628484,49744.249991295444
152,48575.29362409849,49597.18026431066
153,48361.979822539084,49474.30191695358
154,48361.979822539084,49397.29196009589
155,48064.44451852887,49224.465868578875
156,48064.44451852887,49160.63737109695
157,48063.5152638211,49059.000987249776
158,47512.382930057895,48975.19491353695
159,47512.382930057895,48892.96112318167
160,47512.382930057895,48797.128004272505
161,47512.382930057895,48687.790204546465
162,47500.86124261444,48537.61143993269
163,47500.86124261444,48367.77776028395
164,47232.57703208849,48161.195953811985
165,46829.00161074296,47996.32136378757
166,46829.00161074296,47897.452082629046
167,46250.07216223693,47739.23218696777
168,46152.00335508057,47606.61328977021
169,46152.00335508057,47507.17935068572
170,46152.00335508057,47415.07161517715
171,46065.65636612316,47320.02212394462
172,46065.65636612316,47232.10712154267
173,46003.688349773656,47124.055576139916
174,45707.215837847645,47019.105242539714
175,45707.215837847645,46920.77989068665
176,45707.215837847645,46781.1911806511
177,45707.215837847645,46661.21268649118
178,45707.215837847645,46542.08315669959
179,45655.27603808761,46410.976271383086
180,45502.21863094578,46265.83363439195
181,45334.1866038828,46119.73133235941
182,44967.49282915278,46045.40677833569
183,44967.49282915278,45941.68947275593
184,44967.49282915278,45854.78264234014
185,44967.49282915278,45777.130058241026
186,44699.45095747171,45680.08046282545
187,44699.45095747171,45640.3651117556
188,44652.61766796039,45537.50611615203
189,44652.61766796039,45459.837562705354
190,44484.02184837239,45409.62422141102
191,44484.02184837239,45332.17845888527
192,44484.02184837239,45281.93749141581
193,44484.02184837239,45223.82218721521
194,44218.93041853066,45150.84117538677
195,44105.43821342995,45074.513190048856
196,44075.743492086,44999.71504220112
197,44075.743492086,44931.03184538493
198,43553.56424038766,44845.01017642594
199,43553.56424038766,44814.90723733066
200,43253.70273254954,44701.92313252911
201,43253.70273254954,44653.02754657301
202,43056.50170101283,44553.7283492953
203,42361.55624299185,44378.77881342271
204,42361.55624299185,44234.89632363074
205,42175.899369855,44061.45322920211
206,42175.899369855,43882.241236134025
207,42175.899369855,43709.74415436458
208,42175.899369855,43598.36623652543
209,42175.899369855,43513.515674009555
210,42175.899369855,43425.26979730472
211,42175.899369855,43313.038201639014
212,42175.899369855,43231.7289025813
213,42061.79877975859,43132.14758194976
214,41868.28802076092,42971.411763461365
215,41868.28802076092,42869.318965735474
216,41848.00594249121,42772.982485853696
217,41848.00594249121,42726.76766571275
218,41848.00594249121,42618.37314460674
219,41576.55700495275,42549.76277122466
220,41576.55700495275,42456.157799792265
221,41576.55700495275,42363.480975328086
222,41576.55700495275,42294.400087674294
223,41562.31087036732,42246.000031676165
224,41562.31087036732,42190.772398912275
225,41562.31087036732,42133.884655979615
226,41122.217705124945,42055.776186009825
227,41018.88710503963,41969.27942871168
228,41018.88710503963,41892.753070359584
229,41018.88710503963,41830.23277270607
230,41004.21749279724,41774.15198724724
231,40899.24435473699,41714.89776975175
232,40899.24435473699,41677.80236395931
233,40899.24435473699,41626.80969224663
234,40899.24435473699,41548.62606992421
235,40899.24435473699,41493.70910468901
236,40410.524277121454,41424.76877838202
237,40368.94630628718,41367.20459194197
238,40368.94630628718,41326.5553725462
239,40368.94630628718,41254.23212584527
240,40368.94630628718,41198.25855320447
241,40368.94630628718,41150.51667894854
242,40161.705228674975,41081.95214866224
243,40161.705228674975,41031.65839244777
244,40161.705228674975,40998.394302673565
245,40161.705228674975,40939.62024607529
246,40161.705228674975,40863.61367494522
247,40159.93454708973,40803.37584726518
248,39898.65270866361,40762.23890805804
249,39898.65270866361,40727.6932979444
250,39851.230404391354,40680.63089082798
251,39851.230404391354,40635.885623748145
252,39851.230404391354,40588.678896831036
253,39851.230404391354,40552.600261977925
254,39851.230404391354,40499.45888808397
255,39674.61653153882,40462.58579873931
256,39674.61653153882,40425.57388749921
257,39674.61653153882,40400.455297446955
258,39674.61653153882,40350.33300210576
259,39674.61653153882,40328.67918933544
260,39674.61653153882,40284.01334039375
261,39674.61653153882,40243.04128488552
262,39674.61653153882,40197.227731850006
263,39674.61653153882,40156.740512335404
264,39674.61653153882,40148.901822592095
265,39674.61653153882,40112.04985982326
266,39393.03985138848,40075.91482281431
267,39393.03985138848,40047.690392643235
268,39393.03985138848,40015.35453526744
269,39393.03985138848,39980.523014294515
270,39319.095745565166,39936.3238723063
271,38950.839919052436,39901.24830754405
272,38950.839919052436,39873.30502724126
273,38950.839919052436,39844.24543454238
274,38950.839919052436,39815.10834919335
275,38950.839919052436,39794.80407233266
276,38429.834811743276,39764.1139683236
277,38429.834811743276,39729.84069365971
278,38429.834811743276,39700.25668340566
279,38429.834811743276,39674.55532990028
280,38429.834811743276,39642.00394259191
281,38429.834811743276,39613.80277991699
282,38429.834811743276,39579.63511695842
283,38429.834811743276,39542.66577986929
284,38429.834811743276,39488.285884538505
285,38426.582079065876,39407.52049938293
286,38426.582079065876,39372.83731336433
287,38376.97763061985,39296.88145456519
288,38376.97763061985,39251.418746539865
289,37985.41767368047,39197.725910229165
290,37985.41767368047,39136.66794199519
291,37985.41767368047,39098.91454378025
292,37985.41767368047,39070.62849921873
293,37985.41767368047,39012.65173236731
294,37985.41767368047,38982.66388698425
295,37811.403280861705,38925.148963853775
296,37811.403280861705,38889.61719828803
297,37811.403280861705,38849.10304088074
298,37811.403280861705,38785.52220430804
299,37529.297818481806,38739.393711894285
300,37529.297818481806,38714.33407248129
301,37529.297818481806,38658.66222529548
302,37529.297818481806,38608.55812201493
303,37529.297818481806,38573.8149160705
304,37529.297818481806,38517.045430942904
305,37529.297818481806,38435.112015125545
306,37529.297818481806,38375.89996632672
307,37529.297818481806,38325.81171685464
308,37529.297818481806,38315.79313559842
309,37529.297818481806,38257.18476318347
310,37377.71739377018,38185.13759199822
311,37377.71739377018,38113.20648071084
312,37190.295230468015,38026.129151554254
313,37190.295230468015,37973.55763371256
314,37190.295230468015,37925.65007650833
315,37190.295230468015,37874.30009050268
316,37190.295230468015,37848.23365538353
317,37190.295230468015,37815.62514134359
318,37190.295230468015,37775.529535820904
319,37190.295230468015,37743.87258024824
320,37190.295230468015,37700.65441944326
321,37190.295230468015,37646.214875477715
322,37136.363005523395,37607.86063121588
323,36926.12415641129,37571.10449630576
324,36926.12415641129,37548.77115012457
325,36384.76609632909,37514.50164136235
326,36384.76609632909,37479.46797287511
327,36384.76609632909,37459.479402317185
328,36384.76609632909,37445.14080856016
329,36384.76609632909,37424.00754180259
330,36384.76609632909,37394.65315192014
331,36384.76609632909,37373.41360454237
332,36107.35578837623,37324.71736115398
333,36107.35578837623,37272.28577889977
334,36107.35578837623,37230.66527571239
335,36107.35578837623,37170.894403345155
336,36107.35578837623,37105.515017827616
337,36107.35578837623,37057.61145201379
338,36014.11396992019,36994.31833305718
339,36014.11396992019,36971.155652859125
340,36014.11396992019,36927.21181643859
341,36014.11396992019,36884.9636739232
342,36014.11396992019,36833.28643205617
343,36014.11396992019,36752.097130095266
344,36014.11396992019,36675.554706066025
345,35970.84035438339,36602.28352750135
346,35970.84035438339,36532.069497905504
347,35966.84462842916,36446.104326551766
348,35703.397343378165,36374.54920634648
349,35703.397343378165,36331.843770979474
350,35703.397343378165,36296.08244142135
351,35703.397343378165,36250.39364576286
352,35703.397343378165,36212.871476400105
353,35553.92770024876,36175.44964056019
354,35553.92770024876,36149.999742994536
355,35553.92770024876,36112.95048130369
356,35553.92770024876,36065.42406153651
357,35553.92770024876,36027.162998364365
358,35553.92770024876,35983.04562119826
359,35553.92770024876,35953.40993678163
360,35465.37291282237,35920.973224162255
361,35465.37291282237,35883.72014727526
362,35465.37291282237,35846.94225764268
363,35465.37291282237,35823.53693213391
364,35465.37291282237,35806.397707257485
365,35465.37291282237,35780.675948379525
366,35465.37291282237,35755.24216437019
367,35439.73646411392,35735.47933060794
368,35366.526163046336,35708.16222126047
369,35366.526163046336,35687.79302746281
370,35366.526163046336,35671.53020551447
371,35366.526163046336,35654.17166190657
372,35366.526163046336,35639.29905191935
373,35271.340930979706,35625.27490859131
374,35271.340930979706,35605.39529977134
375,35271.340930979706,35580.268045698824
376,35271.340930979706,35566.62015745463
377,35230.69074425806,35549.69979140491
378,35107.88152520401,35520.63445670213
379,35107.88152520401,35504.89759216109
380,34905.8120615831,35482.82983519422
381,34905.8120615831,35468.017393578826
382,34905.8120615831,35433.53731721075
383,34905.8120615831,35412.42226146874
384,34905.8120615831,35396.49770673036
385,34905.8120615831,35383.18538400822
386,34905.8120615831,35369.618743732666
387,34905.8120615831,35342.05217587166
388,34880.70507077206,35323.11714782658
389,34814.8080275615,35299.750908359725
390,34814.8080275615,35269.20674443566
391,34814.8080275615,35247.6336858079
392,34814.8080275615,35231.18376087587
393,34814.8080275615,35219.14144121135
394,34814.8080275615,35198.84949360774
395,34717.94040132517,35176.81914195432
396,34717.94040132517,35148.84781874032
397,34717.94040132517,35111.03459334316
398,34689.87060420535,35083.776778919084
399,34673.94012383571,35054.36798416115
400,34673.94012383571,35032.046164373816
401,34533.81483210981,35007.46143385279
402,34533.81483210981,34990.02293070534
403,34374.48806701172,34964.99276033177
404,34374.48806701172,34945.362903998845
405,34374.48806701172,34914.25209272964
406,34374.48806701172,34895.19099503066
407,34300.229136952,34874.943180083494
408,34210.32760473213,34834.27056486391
409,34210.32760473213,34816.46892501664
410,34210.32760473213,34795.56621753307
411,34130.54051947538,34759.83783880976
412,34130.54051947538,34721.55758186396
413,34130.54051947538,34700.48771580284
414,34130.54051947538,34677.16884219391
415,33935.90294666848,34646.85585052097
416,33935.90294666848,34624.088484567066
417,33783.44187820024,34594.582875052794
418,33783.44187820024,34590.12138665973
419,33783.44187820024,34562.358543940674
420,33783.44187820024,34543.492255772086
421,33783.44187820024,34515.1363304624
422,33783.44187820024,34466.921128970156
423,33783.44187820024,34453.33906953364
424,33783.44187820024,34443.62175995036
425,33740.97263255149,34415.068719820825
426,33740.97263255149,34392.23407026422
427,33740.97263255149,34347.465430969
428,33740.97263255149,34296.15507166832
429,33442.33321144904,34248.12616578904
430,33442.33321144904,34217.47022635057
431,33297.673675421014,34188.136583699954
432,33297.673675421014,34167.66346074971
433,33297.673675421014,34127.01610984034
434,33297.673675421014,34082.197643178515
435,33297.673675421014,34067.32691523497
436,33297.673675421014,34031.56577479471
437,33297.673675421014,34000.50101977246
438,33297.673675421014,33973.48145279848
439,33297.673675421014,33944.63849045867
440,33297.673675421014,33897.34958467912
441,33297.673675421014,33879.341730624255
442,33297.673675421014,33852.48599941305
443,33297.673675421014,33835.47774759001
444,33297.673675421014,33821.290664755725
445,33297.673675421014,33804.9639082722
446,33243.79520830521,33769.69531233855
447,33243.79520830521,33760.365783964706
448,33243.79520830521,33741.60328703313
449,33079.78716625519,33702.4414591649
450,33079.78716625519,33684.00160033197
451,33079.78716625519,33639.35500849761
452,33079.78716625519,33624.87149443248
453,33079.78716625519,33616.176905393346
454,33079.78716625519,33599.29215500966
455,32827.828239277645,33556.883671007985
456,32827.828239277645,33532.730956633815
457,32827.828239277645,33507.5280672054
458,32827.828239277645,33494.97847617209
459,32694.86772170094,33460.8007239129
460,32694.86772170094,33430.34257061232
461,32694.86772170094,33390.059512471846
462,32694.86772170094,33352.828351948905
463,32662.43740874556,33310.70315478225
464,32662.43740874556,33290.33468436267
465,32662.43740874556,33274.655981529104
466,32662.43740874556,33233.86341698186
467,32662.43740874556,33208.06790802988
468,32662.43740874556,33195.580287224264
469,32662.43740874556,33163.744295653225
470,32662.43740874556,33150.19116794188
471,32489.462382385183,33123.37431936106
472,32489.462382385183,33091.167150433124
473,32489.462382385183,33065.064029991154
474,32489.462382385183,33018.75917688779
475,32472.46504235845,32975.23037912753
476,32472.46504235845,32922.230353291394
477,32154.02559210354,32876.02802799763
478,32154.02559210354,32834.08812553287
479,32154.02559210354,32795.56910372151
480,32154.02559210354,32771.124041801246
481,32154.02559210354,32756.387014279993
482,32154.02559210354,32739.67811402388
483,32154.02559210354,32722.306064036347
484,32009.594273150007,32691.153872587274
485,32009.594273150007,32680.347709875114
486,32009.594273150007,32678.702169951983
487,32009.594273150007,32662.77946119665
488,32009.594273150007,32639.294255018267
489,32009.594273150007,32603.00368245054
490,31994.735211859374,32575.714520893835
491,31994.735211859374,32549.81689904381
492,31994.735211859374,32523.057507935315
493,31994.735211859374,32501.717457400147
494,31913.03389852718,32474.170935078644
495,31553.49008073226,32431.67558510493
496,31553.49008073226,32424.4481386744
497,31553.49008073226,32384.476353259517
498,31553.49008073226,32358.44048332977
499,31553.49008073226,32336.290978644007
500,31529.916443565413,32294.20002317188
501,31529.916443565413,32270.14199778392
502,31270.989049329768,32245.08750149644
503,31270.989049329768,32214.085775759475
504,31270.989049329768,32197.75208094154
505,31270.989049329768,32155.928067241526
506,31270.989049329768,32124.034947967357
507,31270.989049329768,32108.84728187592
508,31270.989049329768,32097.166510201245
509,31270.989049329768,32039.667864493073
510,31270.989049329768,32016.860338178598
511,31270.989049329768,31967.16254347183
512,30998.691734536398,31918.264299839895
513,30998.691734536398,31867.03951323247
514,30998.691734536398,31816.145269346925
515,30998.691734536398,31778.01212082882
516,30998.691734536398,31751.632612145575
517,30998.691734536398,31718.76595769646
518,30998.691734536398,31686.85254771076
519,30998.691734536398,31646.980111447185
520,30998.691734536398,31619.562872319533
521,30998.691734536398,31546.732168328726
522,30915.715316200633,31486.694416001683
523,30915.715316200633,31453.369068349966
524,30915.715316200633,31411.72356110661
525,30915.715316200633,31375.24637889745
526,30915.715316200633,31344.812413436146
527,30915.715316200633,31332.720070548585
528,30630.024972222425,31297.911806576263
529,30630.024972222425,31258.909940735408
530,30630.024972222425,31228.577989881152
531,30437.75132354837,31179.00651463429
532,30437.75132354837,31149.50861402202
533,30437.75132354837,31138.099511148786
534,30437.75132354837,31126.04622183712
535,30437.75132354837,31111.53826465015
536,30437.75132354837,31081.374474066997
537,30437.75132354837,31052.73405213842
538,30437.75132354837,31034.138359332002
539,30437.75132354837,31011.698700163943
540,30437.75132354837,30989.508680171442
541,30384.420566450623,30954.440190842266
542,30384.420566450623,30932.75178262506
543,30342.34362447092,30894.797350316625
544,30342.34362447092,30866.32592417768
545,30342.34362447092,30846.538911098458
546,30342.34362447092,30827.03162966795
547,30342.34362447092,30797.835576971764
548,30230.462329266564,30768.072916363562
549,30230.462329266564,30738.478371566714
550,30230.462329266564,30717.393820965994
551,30230.462329266564,30704.650477925574
552,30230.462329266564,30684.012035426113
553,30230.462329266564,30659.918802953136
554,30230.462329266564,30641.35756396156
555,30120.68556512299,30602.897299597014
556,30120.68556512299,30591.607757661055
557,30120.68556512299,30584.819248786876
558,30120.68556512299,30565.578685250286
559,30120.68556512299,30534.333869911992
560,30120.68556512299,30519.05629900938
561,30120.68556512299,30504.33545398203
562,30015.001171405846,30475.09085430383
563,30015.001171405846,30442.884952153516
564,30015.001171405846,30432.709303608302
565,30015.001171405846,30426.155835365196
566,29680.665986614214,30389.019654904023
567,29680.665986614214,30381.08347450791
568,29680.665986614214,30378.458872606876
569,29680.665986614214,30348.602083911912
570,29680.665986614214,30331.7777338169
571,29680.665986614214,30314.361168971755
572,29680.665986614214,30303.727171074996
573,29680.665986614214,30279.415012546662
574,29680.665986614214,30273.47106231125
575,29680.665986614214,30246.75292318103
576,29680.665986614214,30217.479844397418
577,29680.665986614214,30195.878895172114
578,29680.665986614214,30186.900092765947
579,29680.665986614214,30180.088922414925
580,29680.665986614214,30174.320898405636
581,29634.13803558118,30156.899249688842
582,29571.04664186869,30139.502186010497
583,29571.04664186869,30134.889014884702
584,29571.04664186869,30115.5759089585
585,29571.04664186869,30106.131662460026
586,29571.04664186869,30098.82159247539
587,29571.04664186869,30090.032510851448
588,29571.04664186869,30072.770420359444
589,29571.04664186869,30065.004794929984
590,29571.04664186869,30059.999058755668
591,29571.04664186869,30033.394416058156
592,29571.04664186869,30016.113879700577
593,29507.82791508064,29990.01365459284
594,29507.82791508064,29973.377098132147
595,29507.82791508064,29967.69820052248
596,29507.82791508064,29943.687298565746
597,29339.701460401873,29918.783008658764
598,29339.701460401873,29904.20523777273
599,29339.701460401873,29891.29625519871
600,29339.701460401873,29887.459710838426
601,29339.701460401873,29867.15425913877
602,29339.701460401873,29840.51615487879
603,29339.701460401873,29797.639623044655
604,29339.701460401873,29782.745214555795
605,29339.701460401873,29753.004753666726
606,29339.701460401873,29728.33538875762
607,29314.5431173651,29703.386567218506
608,29314.5431173651,29693.846351805056
609,29314.5431173651,29674.885255220237
610,29314.5431173651,29662.9442307123
611,29166.75488095056,29637.35207095435
612,29166.75488095056,29601.76695451127
613,29166.75488095056,29588.458287197634
614,29166.75488095056,29575.29100409728
615,29166.75488095056,29568.25619555146
616,29166.75488095056,29546.861699229987
617,29166.75488095056,29521.25017969143
618,29166.75488095056,29507.769302529126
619,28965.77969533306,29484.347090826974
620,28965.77969533306,29452.02458263778
621,28965.77969533306,29441.36495851374
622,28965.77969533306,29412.056064201286
623,28965.77969533306,29400.871345276253
624,28965.77969533306,29374.537361394978
625,28965.77969533306,29355.87315896534
626,28965.77969533306,29333.647724920607
627,28965.77969533306,29308.31461770969
628,28859.708528238658,29282.09292423902
629,28859.708528238658,29260.19485356092
630,28859.637863636803,29247.11926677733
631,28859.637863636803,29228.714421743538
632,28859.637863636803,29217.71791408188
633,28859.637863636803,29205.64813795807
634,28859.637863636803,29190.415293389666
635,28859.637863636803,29176.77290723786
636,28859.637863636803,29165.283876877398
637,28859.637863636803,29146.30271326502
638,28842.887393516503,29133.321618156144
639,28842.887393516503,29116.0091307594
640,28842.887393516503,29106.783182616888
641,28842.887393516503,29100.15984445011
642,28667.002976249285,29090.53988966393
643,28667.002976249285,29081.2754413729
644,28667.002976249285,29077.314665027345
645,28667.002976249285,29062.52340893032
646,28667.002976249285,29050.717894187637
647,28667.002976249285,29040.47444178621
648,28667.002976249285,29020.623003830544
649,28667.002976249285,29012.134144045947
650,28667.002976249285,29005.64516952143
651,28667.002976249285,28994.9877059794
652,28667.002976249285,28988.25702397046
653,28667.002976249285,28978.819120767563
654,28667.002976249285,28967.390307253372
655,28667.002976249285,28960.659671521502
656,28667.002976249285,28957.29152090309
657,28587.945655097174,28947.10643185112
658,28587.945655097174,28935.045857001256
659,28587.945655097174,28926.982168421877
660,28531.150346886785,28905.77266970081
661,28531.150346886785,28889.692973588182
662,28524.359358417536,28871.364533528344
663,28098.67584453963,28852.650283584084
664,28098.67584453963,28837.712774283904
665,28098.67584453963,28823.972412567324
666,28098.67584453963,28812.892750060022
667,28098.67584453963,28795.34745500417
668,28098.67584453963,28777.66977944994
669,28098.67584453963,28744.70271046136
670,28098.67584453963,28722.875228433033
671,28049.572548249012,28702.740566877397
672,28049.572548249012,28680.36793941382
673,28049.572548249012,28666.90873424419
674,28049.572548249012,28649.967368838326
675,28049.572548249012,28621.78998108838
676,28049.572548249012,28608.264432664746
677,28049.572548249012,28594.72585302918
678,28049.572548249012,28579.826531532013
679,28049.572548249012,28570.366430817117
680,28049.572548249012,28548.708325900985
681,27849.627067361722,28517.258738808505
682,27825.109235492346,28483.844478439132
683,27825.109235492346,28468.409618543814
684,27825.109235492346,28437.858600704578
685,27825.109235492346,28407.501638075093
686,27825.109235492346,28392.491796691844
687,27825.109235492346,28362.06657189216
688,27825.109235492346,28340.33751285064
689,27825.109235492346,28296.56958038514
690,27825.109235492346,28237.566136105164
691,27825.109235492346,28205.59944136032
692,27825.109235492346,28198.299217113392
693,27825.109235492346,28177.930501048788
694,27825.109235492346,28145.71649038642
695,27746.927675499894,28130.943584629007
696,27746.927675499894,28104.433864138045
697,27746.927675499894,28072.26164700968
698,27746.927675499894,28063.637983497898
699,27483.546449439415,28029.248862453976
700,27483.546449439415,27995.17160423432
701,27338.34746775277,27974.948274533912
702,27338.34746775277,27952.066265143436
703,27338.34746775277,27935.310611158926
704,27338.34746775277,27926.735911162188
705,27338.34746775277,27910.07242631995
706,27338.34746775277,27890.583586812416
707,27338.34746775277,27859.83349853177
708,27338.34746775277,27841.136363468566
709,27338.34746775277,27817.57920643859
710,27335.34010176995,27793.480422015153
711,27335.34010176995,27777.956460545563
712,27335.34010176995,27756.927190473314
713,27229.60669266955,27742.725594693387
714,27229.60669266955,27717.896338310507
715,27229.60669266955,27701.769089122306
716,27229.60669266955,27682.127145018858
717,27092.645344920238,27648.2741967302
718,27092.645344920238,27634.877389243287
719,27092.645344920238,27627.350147364756
720,27092.645344920238,27614.561758049782
721,27092.645344920238,27590.270422902104
722,27092.645344920238,27565.42925725777
723,26793.891422485434,27529.393785468477
724,26793.891422485434,27514.925805772687
725,26793.891422485434,27493.258769178454
726,26793.891422485434,27480.214297319006
727,26793.891422485434,27450.465397505694
728,26793.891422485434,27438.81041871901
729,26793.891422485434,27414.872832603232
730,26410.458935150633,27362.352076673626
731,26410.458935150633,27317.468646775113
732,26410.458935150633,27275.372289535313
733,26410.458935150633,27230.215125359053
734,26410.458935150633,27169.307039720068
735,26410.458935150633,27099.258113748387
736,26349.293344001733,27046.516842234578
737,26349.293344001733,27017.115067019517
738,26349.293344001733,26966.880622923785
739,26349.293344001733,26913.901128533667
740,26349.293344001733,26875.002909515923
741,26209.2628547663,26837.80654724535
742,26209.2628547663,26799.70597449329
743,26209.2628547663,26768.863183692865
744,26209.2628547663,26750.001058643753
745,26209.2628547663,26728.492897522425
746,26209.2628547663,26693.71124458007
747,26209.2628547663,26668.0958228282
748,26209.2628547663,26655.081148518013
749,26209.2628547663,26623.11263554344
750,26209.2628547663,26599.759111190288
751,26209.2628547663,26577.57942105093
752,26209.2628547663,26550.726982314838
753,26209.2628547663,26538.407768576206
754,26209.2628547663,26519.058683145588
755,26209.2628547663,26502.639796796906
756,26209.2628547663,26482.49929453763
757,26209.2628547663,26474.3669708006
758,26209.2628547663,26466.412207831527
759,26206.342547086475,26452.104378952357
760,26206.342547086475,26445.310013048627
761,26206.342547086475,26438.31569536927
762,26203.969590370354,26417.12201625732
763,26203.969590370354,26407.6647374726
764,26203.969590370354,26402.644784632845
765,26100.758025601906,26383.242666695816
766,26100.758025601906,26371.957343583388
767,26100.758025601906,26360.35301106303
768,26100.758025601906,26351.332846652323
769,26077.12000727209,26334.9510292967
770,26077.12000727209,26320.48086853371
771,26077.12000727209,26304.87349672707
772,26077.12000727209,26296.508689784194
773,26077.12000727209,26294.128265899675
774,26051.7360267854,26288.219130337973
775,26051.7360267854,26278.495645015337
776,26051.7360267854,26265.912421072335
777,25896.831454618594,26243.281575798475
778,25896.831454618594,26231.236425143463
779,25711.09060751112,26218.00937251759
780,25711.09060751112,26203.86338371966
781,25671.7031274545,26197.49453014355
782,25671.7031274545,26192.121860089537
783,25671.7031274545,26187.100522530618
784,25671.7031274545,26175.473053557762
785,25571.126784653017,26151.497805331644
786,25571.126784653017,26135.993240638505
787,25571.126784653017,26118.415641586926
788,25571.126784653017,26101.243489451044
789,25571.126784653017,26079.27867227584
790,25571.126784653017,26058.750920558196
791,25571.126784653017,26045.105255835213
792,25571.126784653017,26021.481929848316
793,25571.126784653017,26002.11896532521
794,25571.126784653017,25987.9777457182
795,25571.126784653017,25973.191285570098
796,25320.773724051312,25958.285707460145
797,25320.773724051312,25940.429275913768
798,25251.555228311467,25920.344445146133
799,25237.07320563513,25887.504014864226
800,25237.07320563513,25850.080999865037
801,25191.942608379497,25826.35665134253
802,25191.942608379497,25803.75532893809
803,25191.942608379497,25782.48793076691
804,25191.942608379497,25765.247330490445
805,25191.942608379497,25743.10326763864
806,25191.942608379497,25718.375193528755
807,25191.942608379497,25705.907522280846
808,25191.942608379497,25688.802551563203
809,25167.972978350957,25675.487540975697
810,25167.972978350957,25654.435624731654
811,25167.972978350957,25641.700989200457
812,25167.972978350957,25630.765184010794
813,25167.972978350957,25616.317008009362
814,25167.972978350957,25601.47986183394
815,24946.818844812497,25579.949463026354
816,24946.818844812497,25543.282519956923
817,24946.818844812497,25521.67783281347
818,24946.818844812497,25502.068113845122
819,24946.818844812497,25477.32348890718
820,24946.818844812497,25462.603858955663
821,24946.818844812497,25443.129975922948
822,24946.818844812497,25409.93122670412
823,24946.818844812497,25396.798210454563
824,24946.818844812497,25372.5643035181
825,24946.818844812497,25343.77317157717
826,24946.818844812497,25330.67580273861
827,24946.818844812497,25311.15380273222
828,24946.818844812497,25299.941553343455
829,24860.713235618467,25275.335615025902
830,24860.713235618467,25263.898468568248
831,24860.713235618467,25254.73081055983
832,24860.713235618467,25241.704058295825
833,24860.713235618467,25234.441144590033
834,24824.365492804645,25218.275992761206
835,24824.365492804645,25204.99942840019
836,24824.365492804645,25196.754139378478
837,24824.365492804645,25189.96913973801
838,24824.365492804645,25182.605026383946
839,24824.365492804645,25168.567427026905
840,24824.365492804645,25161.904005364835
841,24824.365492804645,25154.000096442083
842,24824.365492804645,25140.479463311047
843,24824.365492804645,25129.276027557164
844,24824.365492804645,25116.964677252712
845,24824.365492804645,25113.325147516258
846,24824.365492804645,25097.848533064913
847,24824.365492804645,25088.347074421803
848,24824.365492804645,25081.186805577272
849,24824.365492804645,25055.08635100414
850,24824.365492804645,25047.076479340667
851,24709.88823842185,25022.31509352292
852,24569.158331806353,25005.020095386262
853,24569.158331806353,24999.116713257896
854,24569.158331806353,24986.67221393601
855,24569.158331806353,24966.43081043809
856,24569.158331806353,24959.092076285415
857,24569.158331806353,24943.73941092328
858,24569.158331806353,24934.33052983787
859,24402.208915041338,24907.49425261504
860,24402.208915041338,24889.682812930405
861,24402.208915041338,24878.774552550185
862,24402.208915041338,24850.02985285399
863,24402.208915041338,24832.846932728084
864,24402.208915041338,24813.26700906722
865,24402.208915041338,24793.22802078503
866,24402.208915041338,24782.398377492445
867,24402.208915041338,24766.580278838184
868,24402.208915041338,24750.248160309675
869,24402.208915041338,24732.39178936315
870,24402.208915041338,24709.81681670924
871,24336.840114067974,24686.38084103564
872,24336.840114067974,24670.332801813624
873,24336.840114067974,24641.9030291774
874,24336.840114067974,24617.454108099704
875,24336.840114067974,24608.756445484072
876,24336.840114067974,24596.755310984197
877,24336.840114067974,24578.300438458817
878,24336.840114067974,24560.524748771804
879,24274.613096617362,24542.51515864853
880,24274.613096617362,24527.39332888073
881,24251.703363844335,24511.122764967924
882,24251.703363844335,24498.626149212683
883,24164.60704450107,24478.780478186232
884,24034.30261809636,24451.84191190566
885,24034.30261809636,24435.87453253334
886,24034.30261809636,24417.739572899623
887,24034.30261809636,24413.027559769514
888,24034.30261809636,24401.61814164789
889,24034.30261809636,24386.93021345698
890,24034.30261809636,24375.96394029992
891,24034.30261809636,24362.53673244382
892,24002.58893524642,24341.47489468851
893,24002.58893524642,24335.658451616127
894,24002.58893524642,24318.93094876476
895,24002.58893524642,24309.358187441354
896,23882.77795080405,24298.165973107698
897,23867.99819266062,24281.385215198166
898,23867.99819266062,24265.362272400213
899,23867.99819266062,24254.35043737063
900,23867.99819266062,24240.01206590515
901,23867.99819266062,24232.247554061258
902,23867.99819266062,24212.007272030434
903,23867.99819266062,24202.725191328343
904,23811.135011972558,24173.98301963288
905,23811.135011972558,24146.818962379806
906,23811.135011972558,24131.95004890821
907,23664.11893523479,24115.68307299942
908,23664.11893523479,24093.23755600604
909,23664.11893523479,24064.263324196145
910,23664.11893523479,24031.94876306823
911,23664.11893523479,24006.87038282061
912,23664.019855150436,23981.98734616814
913,23664.019855150436,23969.00894613363
914,23664.019855150436,23944.146170778153
915,23662.10365431518,23920.061463713108
916,23605.023395895176,23892.84425513773
917,23605.023395895176,23876.383482429195
918,23605.023395895176,23866.584158513637
919,23386.735862384736,23842.283499547983
920,23386.735862384736,23829.88571711379
921,23386.735862384736,23813.107339717342
922,23386.735862384736,23791.155890130067
923,23386.735862384736,23776.269689494897
924,23386.735862384736,23764.65753727414
925,23365.926925769883,23745.801324797416
926,23365.926925769883,23729.58429215196
927,23125.836055716016,23716.780635954856
928,23079.26614754587,23702.90008720502
929,23079.26614754587,23680.458010861083
930,23079.26614754587,23664.507500065836
931,23079.26614754587,23645.211050133144
932,23079.26614754587,23637.136969771735
933,23079.26614754587,23625.038805237677
934,23079.26614754587,23596.092218913986
935,23079.26614754587,23572.142834704573
936,23079.26614754587,23541.660128460655
937,22958.639480280744,23508.683804958422
938,22958.639480280744,23486.855737249887
939,22958.639480280744,23454.558703141207
940,22958.639480280744,23438.852722100153
941,22958.639480280744,23411.145441185457
942,22958.639480280744,23387.962304526907
943,22958.639480280744,23358.81743296177
944,22958.639480280744,23325.33818017066
945,22958.639480280744,23299.03590403225
946,22926.87958216673,23263.762785181127
947,22926.87958216673,23246.450938679922
948,22926.87958216673,23224.798654319988
949,22926.87958216673,23192.702166365125
950,22926.87958216673,23176.687713548446
951,22926.87958216673,23162.48158693535
952,22926.87958216673,23150.291212604538
953,22926.87958216673,23136.503539944966
954,22926.87958216673,23125.148549704263
955,22909.89094759516,23110.64393403712
956,22909.89094759516,23100.04983782447
957,22821.79602602045,23070.44345051663
958,22821.79602602045,23060.97167204921
959,22536.92992113629,23039.734140877543
960,22536.92992113629,23031.48536635492
961,22536.92992113629,23024.990469585777
962,22536.92992113629,23010.406650379693
963,22536.92992113629,22995.246722357344
964,22536.92992113629,22984.642435418755
965,22536.92992113629,22976.025441710062
966,22536.92992113629,22962.63304906718
967,22536.92992113629,22945.00132200958
968,22536.92992113629,22938.437554430704
969,22536.92992113629,22932.753241693914
970,22536.92992113629,22925.561666516012
971,22536.92992113629,22910.013815573875
972,22536.92992113629,22903.24796563267
973,22536.92992113629,22885.594238986047
974,22536.92992113629,22877.862120912083
975,22536.92992113629,22867.54023374113
976,22536.92992113629,22860.54059719957
977,22536.92992113629,22854.439491788013
978,22536.92992113629,22844.080076986145
979,22536.92992113629,22829.09001750902
980,22536.92992113629,22820.83228482488
981,22512.9855793137,22810.54624721928
982,22512.9855793137,22800.606729854422
983,22512.9855793137,22794.83563108414
984,22512.9855793137,22780.557024131744
985,22512.9855793137,22766.39760200255
986,22512.9855793137,22757.282849403513
987,22512.9855793137,22751.81956249436
988,22512.9855793137,22741.731280563952
989,22508.22922495432,22732.113240102168
990,22508.22922495432,22728.30260121233
991,22508.22922495432,22721.441367401854
992,22480.36111736454,22712.07327123993
993,22397.934509648545,22698.11147816349
994,22397.934509648545,22684.75625211962
995,22397.934509648545,22676.956573578307
996,22397.934509648545,22668.156927241507
997,22375.409766412366,22653.468577434676
998,22316.92979830836,22635.875945353615
999,22316.92979830836,22618.947108875993
1000,22316.92979830836,22608.252148864944
1001,22316.92979830836,22602.181709939123
1002,22316.92979830836,22591.0952027919
1003,22316.92979830836,22580.312545097604
1004,22253.181375101776,22559.64662978437
1005,22253.181375101776,22532.45833691473
1006,22253.181375101776,22519.721686753706
1007,22253.181375101776,22501.412654241023
1008,22253.181375101776,22478.22063821308
1009,22194.16884511124,22468.70483956931
1010,22183.826710406338,22451.337854472542
1011,22183.826710406338,22442.827643132998
1012,22183.826710406338,22434.242992619536
1013,22183.826710406338,22424.118185889747
1014,22183.826710406338,22414.54069749943
1015,22183.826710406338,22408.678357215544
1016,22078.681725858438,22388.609500867176
1017,22078.681725858438,22379.098587486427
1018,22078.681725858438,22367.454313013983
1019,22078.681725858438,22358.291476246948
1020,22078.681725858438,22344.75470127518
1021,22075.153639320124,22335.569592765227
1022,22075.153639320124,22321.616727139903
1023,22035.7009779367,22309.48187731415
1024,22035.7009779367,22302.658598602047
1025,22035.7009779367,22293.195366704444
1026,21604.337885219295,22262.571629383077
1027,21599.34141345376,22238.278693487762
1028,21599.34141345376,22219.90833163226
1029,21599.34141345376,22202.064403468452
1030,21500.009616001873,22179.744836228067
1031,21500.009616001873,22151.57183073068
1032,21500.009616001873,22114.11298709163
1033,21500.009616001873,22077.850007566158
1034,21500.009616001873,22045.15796913472
1035,21500.009616001873,22002.9152586806
1036,21454.90497337967,21955.821039415914
1037,21454.90497337967,21897.210332197676
1038,21454.90497337967,21863.66177491147
1039,21454.90497337967,21823.9371269743
1040,21454.90497337967,21785.04613538964
1041,21454.90497337967,21759.313208791376
1042,21454.90497337967,21745.478043141837
1043,21454.90497337967,21722.624625179884
1044,21454.90497337967,21712.85725566451
1045,21454.90497337967,21701.790611380424
1046,21454.90497337967,21683.81077074301
1047,21345.541451548255,21665.778513359815
1048,21345.541451548255,21642.109933977357
1049,21345.541451548255,21631.65436587
1050,21345.541451548255,21616.073678033397
1051,21261.09644623643,21594.77529994095
1052,21261.09644623643,21592.7365781535
1053,21261.09644623643,21580.02557772292
1054,21261.09644623643,21570.63856229374
1055,21256.765499785164,21553.710499573946
1056,21256.765499785164,21548.12874995566
1057,21256.765499785164,21537.12800713434
1058,21256.765499785164,21533.700244623997
1059,21256.765499785164,21522.68439092544
1060,21256.765499785164,21512.242118504193
1061,21256.765499785164,21501.79766747086
1062,21256.765499785164,21495.942291711377
1063,21140.35863619296,21477.120350914247
1064,21140.35863619296,21464.630537817808
1065,21014.240113747102,21452.879567416698
1066,21014.240113747102,21443.228120530384
1067,21014.240113747102,21421.884547531976
1068,21014.240113747102,21410.439940256656
1069,21014.240113747102,21402.21674340714
1070,21014.240113747102,21387.927459695013
1071,21009.2491515052,21372.692200627305
1072,21009.2491515052,21359.140150050494
1073,21009.2491515052,21342.733029811334
1074,21009.2491515052,21333.22649865622
1075,21009.2491515052,21317.286816834443
1076,21009.2491515052,21305.120512684316
1077,21009.2491515052,21287.864226481906
1078,21009.2491515052,21282.289506749716
1079,21009.2491515052,21271.696598515722
1080,21009.2491515052,21262.296982149095
1081,21009.2491515052,21252.280616648048
1082,21009.2491515052,21239.738271632432
1083,20921.296519285694,21231.057176716364
1084,20921.296519285694,21218.554123711798
1085,20879.93119383034,21207.290420750418
1086,20879.93119383034,21193.91398675925
1087,20879.93119383034,21183.769448130217
1088,20879.93119383034,21170.052745675363
1089,20879.93119383034,21155.116521815242
1090,20879.93119383034,21137.544295251937
1091,20856.523911646393,21124.96943866878
1092,20856.523911646393,21117.0752884967
1093,20840.663720680997,21101.66475431873
1094,20840.663720680997,21090.545464832052
1095,20840.663720680997,21076.866224804024
1096,20800.00137548359,21069.25996793051
1097,20799.340882921442,21045.263084295133
1098,20799.340882921442,21030.596070115374
1099,20799.340882921442,21019.916293947124
1100,20799.340882921442,21002.866776418956
1101,20762.19005775554,20990.415035931972
1102,20762.19005775554,20981.680804629515
1103,20762.19005775554,20970.288603137982
1104,20676.39894757223,20954.27954993805
1105,20647.556706816496,20933.453191919056
1106,20647.556706816496,20920.638276985064
1107,20647.556706816496,20904.73061252482
1108,20647.556706816496,20889.750191639363
1109,20641.69510502919,20881.40326993334
1110,20641.69510502919,20866.962592177784
1111,20637.625119859007,20845.759706056015
1112,20637.625119859007,20828.10651420596
1113,20637.625119859007,20812.60601999165
1114,20637.625119859007,20798.460150100553
1115,20629.058138851506,20787.113357147282
1116,20629.058138851506,20784.248897518693
1117,20578.625222598548,20764.2941215848
1118,20578.625222598548,20758.51228870153
1119,20578.625222598548,20745.337499296198
1120,20578.625222598548,20739.789618284685
1121,20578.625222598548,20729.736669591533
1122,20574.966946804176,20717.843277238277
1123,20514.545700337698,20710.028142011022
1124,20514.545700337698,20703.144786668003
1125,20514.545700337698,20693.176981995373
1126,20514.545700337698,20680.53093298906
1127,20514.545700337698,20671.298707034075
1128,20371.98733493187,20660.134165536227
1129,20371.98733493187,20649.458163165884
1130,20371.98733493187,20640.85949184049
1131,20371.98733493187,20628.621131378837
1132,20371.98733493187,20622.47714016263
1133,20324.73895505219,20609.028663644902
1134,20324.73895505219,20598.492347833155
1135,20324.73895505219,20589.34807796491
1136,20324.73895505219,20583.722733986542
1137,20324.73895505219,20575.522066416914
1138,20324.73895505219,20567.286937995777
1139,20324.73895505219,20558.98392781193
1140,20324.73895505219,20553.062923040034
1141,20324.73895505219,20546.95612037507
1142,20324.73895505219,20539.650492389872
1143,20324.73895505219,20524.311202039837
1144,20324.73895505219,20510.080911564048
1145,20307.035902810076,20500.104714613866
1146,20307.035902810076,20487.70143448119
1147,20202.44670467744,20475.516989950036
1148,20202.44670467744,20465.321498909223
1149,20177.063677847316,20453.143711455756
1150,20177.063677847316,20443.53948134898
1151,20177.063677847316,20430.139341479222
1152,20177.063677847316,20418.25497642244
1153,20175.061266654648,20403.887868508544
1154,20150.791254116168,20393.81041657647
1155,20150.791254116168,20381.260292748873
1156,20150.791254116168,20369.25082052967
1157,20150.791254116168,20364.44961248605
1158,20150.791254116168,20355.84624262042
1159,20105.29546209563,20337.190445767956
1160,20070.432648222613,20299.312594641666
1161,20070.432648222613,20289.361002076952
1162,19863.105334914155,20278.593436421776
1163,19863.105334914155,20255.181158111398
1164,19863.105334914155,20239.550748837726
1165,19863.105334914155,20230.21073663913
1166,19863.105334914155,20222.149231612828
1167,19863.105334914155,20207.94908137328
1168,19863.105334914155,20187.44337324293
1169,19863.105334914155,20175.200825198484
1170,19852.952936483933,20159.102830614134
1171,19852.952936483933,20145.038463433033
1172,19852.952936483933,20139.41818169037
1173,19852.952936483933,20129.175054451094
1174,19852.952936483933,20117.63261287113
1175,19852.952936483933,20105.02944110754
1176,19766.82358506728,20091.188973958302
1177,19766.82358506728,20080.994968738145
1178,19766.82358506728,20073.368752471953
1179,19766.82358506728,20055.853867259233
1180,19766.82358506728,20043.3870083505
1181,19766.82358506728,20037.93310608589
1182,19742.537875899412,20026.720801559313
1183,19742.537875899412,20015.32393451795
1184,19742.537875899412,19997.665491379168
1185,19742.537875899412,19988.290316762424
1186,19742.537875899412,19976.811386460617
1187,19602.85264657557,19966.188883401446
1188,19602.85264657557,19949.383966936475
1189,19602.85264657557,19942.499971961453
1190,19602.85264657557,19934.90981359296
1191,19602.85264657557,19926.907589145667
1192,19602.85264657557,19919.773925148427
1193,19602.85264657557,19912.402797965126
1194,19602.85264657557,19898.20573406587
1195,19602.85264657557,19884.343496043497
1196,19602.85264657557,19871.216643769654
1197,19602.85264657557,19862.797595067437
1198,19602.85264657557,19852.304977757707
1199,19602.85264657557,19839.310662330085
1200,19602.85264657557,19828.717437256175
1201,19575.022253218624,19821.79512862393
1202,19575.022253218624,19815.789962149836
1203,19575.022253218624,19805.981423902227
1204,19575.022253218624,19800.708770087465
1205,19575.022253218624,19789.607808447516
1206,19539.065903233903,19781.70460532027
1207,19539.065903233903,19765.81710762678
1208,19472.724382467415,19749.175555853115
1209,19472.724382467415,19738.59029101393
1210,19472.724382467415,19730.86788746914
1211,19472.724382467415,19723.04410569522
1212,19399.801124888203,19707.91211559178
1213,19399.801124888203,19695.72107072691
1214,19228.833943531343,19670.500205947606
1215,19228.833943531343,19660.63001186223
1216,19228.833943531343,19641.68463131989
1217,19228.833943531343,19625.615664908233
1218,19196.610499209084,19605.614342834877
1219,19196.610499209084,19601.95179383553
1220,19196.610499209084,19577.009778318225
1221,19196.610499209084,19560.21025177063
1222,19196.610499209084,19547.287777319132
1223,19196.610499209084,19542.035136311217
1224,19196.610499209084,19524.76893955295
1225,19196.610499209084,19505.101452200684
1226,19196.610499209084,19494.900915113285
1227,19196.610499209084,19481.98008541618
1228,19196.610499209084,19469.37971119222
1229,19168.828238980623,19447.285981380992
1230,18997.042955158166,19426.221866254375
1231,18997.042955158166,19400.810746277988
1232,18997.042955158166,19389.98051277485
1233,18997.042955158166,19374.771326231228
1234,18997.042955158166,19359.101740375263
1235,18997.042955158166,19354.335896930294
1236,18997.042955158166,19342.401795094047
1237,18997.042955158166,19332.014622317773
1238,18997.042955158166,19318.333563561548
1239,18997.042955158166,19311.079221139997
1240,18997.042955158166,19294.23247065015
1241,18997.042955158166,19283.641188817182
1242,18963.84579171011,19267.175520750752
1243,18952.087151702723,19251.91575082454
1244,18952.087151702723,19233.26187153963
1245,18952.087151702723,19218.826017359814
1246,18855.033650061476,19207.748320784947
1247,18855.033650061476,19192.884934203987
1248,18855.033650061476,19188.910010479045
1249,18855.033650061476,19183.25943740967
1250,18855.033650061476,19173.144942366627
1251,18855.033650061476,19152.623052256233
1252,18719.6991120106,19132.43857135128
1253,18719.6991120106,19104.358077426063
1254,18719.6991120106,19091.800419486997
1255,18719.6991120106,19081.9039375459
1256,18719.6991120106,19074.113160225883
1257,18719.6991120106,19053.38707815282
1258,18719.6991120106,19043.206459059358
1259,18719.6991120106,19035.104817875028
1260,18719.6991120106,19014.960742261446
1261,18719.6991120106,19003.206298856745
1262,18719.6991120106,18989.484772379375
1263,18719.6991120106,18969.00854240665
1264,18719.6991120106,18944.799189243753
1265,18719.6991120106,18929.330475907285
1266,18511.746760341153,18903.150430411104
1267,18511.746760341153,18885.211647865453
1268,18511.746760341153,18870.273959237427
1269,18511.746760341153,18866.924297881473
1270,18511.746760341153,18852.271177585542
1271,18511.746760341153,18841.869113247267
1272,18511.746760341153,18829.35579738413
1273,18511.746760341153,18819.28023739961
1274,18511.746760341153,18807.662833962302
1275,18511.746760341153,18790.008603105354
1276,18511.746760341153,18777.741758201013
1277,18511.746760341153,18765.89660967509
1278,18511.746760341153,18754.648729673536
1279,18511.746760341153,18750.60260020923
1280,18511.746760341153,18742.12753613882
1281,18511.746760341153,18738.876951277918
1282,18511.746760341153,18734.894336405672
1283,18511.746760341153,18732.582373097786
1284,18511.746760341153,18726.748046239507
1285,18511.746760341153,18721.296512043224
1286,18511.746760341153,18716.341622807
1287,18511.746760341153,18713.614996901302
1288,18511.746760341153,18709.540298713633
1289,18511.746760341153,18703.820536835963
1290,18511.746760341153,18698.469699916808
1291,18511.746760341153,18695.226685605165
1292,18511.746760341153,18689.634865640888
1293,18511.746760341153,18684.846950819214
1294,18462.7248865584,18678.886627728145
1295,18462.7248865584,18673.912052919135
1296,18462.7248865584,18671.7184880437
1297,18462.7248865584,18662.30336548473
1298,18462.7248865584,18656.22960413035
1299,18462.7248865584,18651.923408366227
1300,18462.7248865584,18646.886119463034
1301,18425.895402216694,18641.236890919983
1302,18425.895402216694,18635.80893758973
1303,18425.685367053287,18625.457532931112
1304,18425.685367053287,18615.941127813243
1305,18425.685367053287,18613.027893351842
1306,18425.685367053287,18607.900458820794
1307,18425.685367053287,18596.368370638116
1308,18425.685367053287,18589.25567393717
1309,18425.685367053287,18584.294666428777
1310,18401.228588898135,18576.032798858087
1311,18379.293730448328,18568.08827214291
1312,18379.293730448328,18556.322154791487
1313,18376.39801863434,18546.42705198224
1314,18353.589295831192,18533.312487799714
1315,18353.589295831192,18526.63639665687
1316,18353.589295831192,18522.734895275993
1317,18353.589295831192,18516.237105910357
1318,18309.59011623302,18506.324157923853
1319,18309.59011623302,18500.74933985717
1320,18309.59011623302,18496.079258133934
1321,18309.59011623302,18493.442111656357
1322,18240.34408914568,18485.135596550757
1323,18240.34408914568,18477.74444108336
1324,18240.34408914568,18470.291985538257
1325,18240.34408914568,18467.562212686385
1326,18240.34408914568,18464.34183816811
1327,18240.34408914568,18460.735145344315
1328,18240.34408914568,18451.545100880187
1329,18193.497190603528,18446.97212903113
1330,18193.497190603528,18441.596447885677
1331,18193.497190603528,18432.95283255577
1332,18193.497190603528,18426.819808459903
1333,18193.497190603528,18422.559441710306
1334,18193.497190603528,18416.638226514002
1335,18193.497190603528,18409.22414496084
1336,18125.39153830728,18399.520408292206
1337,18125.39153830728,18395.97720763259
1338,18125.39153830728,18386.798371059012
1339,18125.39153830728,18376.353739054142
1340,18125.39153830728,18372.28165973803
1341,18125.39153830728,18366.780266307233
1342,18125.39153830728,18361.426657837063
1343,18125.39153830728,18355.279925155563
1344,18118.124760992112,18345.22981194834
1345,18105.38504350539,18339.462680756682
1346,18105.38504350539,18330.190913921615
1347,18105.38504350539,18323.64744886279
1348,18105.38504350539,18317.895411199886
1349,18105.38504350539,18314.030504002872
1350,18105.38504350539,18304.488130101923
1351,18105.38504350539,18297.652020945647
1352,18105.38504350539,18287.836971319688
1353,18105.38504350539,18279.281619166635
1354,18105.38504350539,18277.973351831828
1355,18088.814632488553,18267.755930010466
1356,18088.814632488553,18252.322031301504
1357,18038.393175447523,18241.612400920214
1358,17911.939167414715,18225.99127000488
1359,17911.939167414715,18218.96507490425
1360,17911.939167414715,18214.178089419944
1361,17911.939167414715,18208.27506089996
1362,17911.939167414715,18197.620244415593
1363,17911.939167414715,18191.69494289519
1364,17911.939167414715,18184.04772268905
1365,17911.939167414715,18175.997479856193
1366,17911.939167414715,18168.69907207583
1367,17911.939167414715,18161.341455952577
1368,17911.939167414715,18155.88964490721
1369,17911.939167414715,18151.86508916859
1370,17911.939167414715,18145.767401263114
1371,17911.939167414715,18143.11816899242
1372,17911.939167414715,18142.981512534563
1373,17911.939167414715,18139.959006648263
1374,17911.939167414715,18134.393053825952
1375,17911.939167414715,18128.981074857948
1376,17911.939167414715,18118.793777421062
1377,17911.939167414715,18115.78037886965
1378,17911.939167414715,18113.116608423643
1379,17911.939167414715,18111.042290810437
1380,17911.939167414715,18109.151654366917
1381,17911.939167414715,18103.492006782963
1382,17911.939167414715,18102.446133715704
1383,17911.939167414715,18101.254981465943
1384,17911.939167414715,18099.400591867838
1385,17911.939167414715,18097.552234925573
1386,17911.939167414715,18093.51368424557
1387,17911.939167414715,18092.529603455063
1388,17847.18894726186,18082.79687763349
1389,17847.18894726186,18079.83619596436
1390,17847.18894726186,18068.94378763722
1391,17798.34603263231,18063.18632865226
1392,17798.34603263231,18061.759353276877
1393,17798.34603263231,18053.654113438974
1394,17794.989531998723,18048.647705950454
1395,17794.989531998723,18045.876671204987
1396,17794.989531998723,18040.957337880718
1397,17794.989531998723,18036.683330781212
1398,17794.989531998723,18031.99875412744
1399,17794.989531998723,18025.410196081102
1400,17794.989531998723,18023.691473315394
1401,17794.989531998723,18020.048991471907
1402,17721.748525718136,18010.767176359965
1403,17721.748525718136,18005.416285340012
1404,17721.748525718136,17993.68243513512
1405,17721.748525718136,17976.8034563569
1406,17721.748525718136,17957.270524116717
1407,17721.748525718136,17950.754434562492
1408,17721.748525718136,17928.01463854879
1409,17598.260479946854,17907.299987599723
1410,17598.260479946854,17890.51354526327
1411,17598.260479946854,17859.99451013575
1412,17598.260479946854,17842.443763597705
1413,17598.260479946854,17832.7518896183
1414,17590.906037127028,17824.76045151206
1415,17590.906037127028,17802.718556546875
1416,17590.906037127028,17787.571379277888
1417,17590.906037127028,17775.188442146595
1418,17546.08083315793,17764.26741714071
1419,17546.08083315793,17752.405166312325
1420,17453.89540685184,17739.577408530367
1421,17453.89540685184,17725.124904842993
1422,17424.032814070717,17712.597027351443
1423,17424.032814070717,17703.081756434938
1424,17424.032814070717,17692.64189171415
1425,17424.032814070717,17684.736518885635
1426,17424.032814070717,17676.75525285717
1427,17424.032814070717,17667.560574127157
1428,17424.032814070717,17659.004650734863
1429,17424.032814070717,17650.658061739945
1430,17424.032814070717,17645.894518251353
1431,17424.032814070717,17633.879941271545
1432,17424.032814070717,17623.32947727366
1433,17424.032814070717,17612.97815249724
1434,17424.032814070717,17601.250750277948
1435,17424.032814070717,17593.20740200519
1436,17424.032814070717,17583.394876345
1437,17424.032814070717,17574.182983292372
1438,17424.032814070717,17568.010052369238
1439,17424.032814070717,17566.52738516327
1440,17405.228568654613,17555.38801281929
1441,17405.228568654613,17545.728971878943
1442,17405.228568654613,17542.125189985836
1443,17362.778346280073,17535.293999954418
1444,17362.778346280073,17525.132311285546
1445,17362.778346280073,17516.123215498195
1446,17362.778346280073,17510.638760217735
1447,17362.778346280073,17499.12853573596
1448,17362.778346280073,17492.109030782114
1449,17293.481346626195,17482.136548633724
1450,17293.481346626195,17474.349872615112
1451,17293.481346626195,17468.30099246249
1452,17293.481346626195,17461.158264473353
1453,17293.481346626195,17450.717504380653
1454,17293.481346626195,17448.45402071107
1455,17278.53004919947,17441.912730400676
1456,17264.729924512038,17434.39809692812
1457,17264.729924512038,17429.729962552992
1458,17264.729924512038,17427.357712983
1459,17264.729924512038,17418.50069251102
1460,17264.729924512038,17412.263929064135
1461,17264.729924512038,17411.690560997475
1462,17264.729924512038,17405.026681703766
1463,17264.729924512038,17401.95409978388
1464,17264.523374277913,17398.397522027495
1465,17264.523374277913,17395.96547495432
1466,17238.23715361366,17390.814437429864
1467,17200.800555436334,17382.610066883288
1468,17200.800555436334,17378.804384012943
1469,17200.800555436334,17371.285820265133
1470,17200.800555436334,17360.556077128713
1471,17171.11053478136,17351.74823636172
1472,17171.11053478136,17343.065554921224
1473,17171.11053478136,17338.596462020967
1474,17171.11053478136,17334.45432479678
1475,17171.11053478136,17328.302813922164
1476,17171.11053478136,17321.718549741487
1477,17171.11053478136,17317.89102524721
1478,16957.26808711619,17306.638436023557
1479,16957.26808711619,17295.780038923018
1480,16957.26808711619,17287.802039362145
1481,16957.26808711619,17280.68923468901
1482,16957.26808711619,17274.84939246306
1483,16957.26808711619,17264.780505007595
1484,16957.26808711619,17251.959145611003
1485,16957.26808711619,17247.569307616115
1486,16957.26808711619,17241.367793503403
1487,16957.26808711619,17228.104409289732
1488,16957.26808711619,17220.918900883065
1489,16931.516779244812,17207.90406003934
1490,16931.516779244812,17202.493673580768
1491,16931.516779244812,17196.730112769827
1492,16931.516779244812,17184.99453124851
1493,16931.516779244812,17175.823849006072
1494,16931.516779244812,17164.939534718298
1495,16906.4461160374,17151.456842412885
1496,16856.598562319385,17142.58960817945
1497,16856.598562319385,17128.10307594772
1498,16856.598562319385,17119.647707361157
1499,16856.598562319385,17109.05485487221
1500,16856.598562319385,17093.426365741183
1501,16856.598562319385,17077.601716523463
1502,16856.598562319385,17067.931882793702
1503,16856.598562319385,17054.11902510125
1504,16856.598562319385,17037.79091775467
1505,16856.598562319385,17022.451746654613
1506,16844.074291269717,17005.82936461888
1507,16792.80328628674,16992.848689535414
1508,16792.80328628674,16984.576782138483
1509,16763.725667176983,16971.035136345334
1510,16763.725667176983,16964.986395727195
1511,16763.725667176983,16948.656813496604
1512,16763.725667176983,16937.66139122216
1513,16673.934784603327,16921.21530775354
1514,16673.934784603327,16908.8797846712
1515,16673.934784603327,16900.017851222845
1516,16673.934784603327,16891.350446680113
1517,16673.934784603327,16883.158830112923
1518,16673.934784603327,16870.637754055537
1519,16673.934784603327,16861.311874169925
1520,16673.934784603327,16853.251261260786
1521,16673.934784603327,16845.713775796583
1522,16673.934784603327,16837.753717253236
1523,16673.934784603327,16828.581152381877
1524,16673.934784603327,16822.991231939155
1525,16673.934784603327,16820.513970601365
1526,16662.34927214513,16814.62235956593
1527,16662.34927214513,16805.490995652046
1528,16662.34927214513,16804.527627221232
1529,16662.34927214513,16795.970740004097
1530,16662.34927214513,16788.997850530046
1531,16662.34927214513,16784.936029739532
1532,16633.17459566447,16780.295156082124
1533,16633.17459566447,16773.70056746833
1534,16633.17459566447,16768.038567020532
1535,16633.17459566447,16758.871591751722
1536,16537.765384045055,16754.129844283692
1537,16537.765384045055,16750.892841106273
1538,16537.765384045055,16744.855880266306
1539,16537.765384045055,16737.113468530886
1540,16537.765384045055,16730.5826074664
1541,16537.765384045055,16723.714722401757
1542,16537.765384045055,16714.350302223498
1543,16537.765384045055,16708.127255429088
1544,16537.765384045055,16699.436895012226
1545,16537.765384045055,16694.86063474136
1546,16537.765384045055,16687.056932958345
1547,16537.765384045055,16677.670473543636
1548,16537.765384045055,16675.07308768905
